100 350,72000 360,88000 370,79000 380,81000 390,85000 400,78000 410,77000 420,80000 430,69000 440,85000 450,90000 460,75000 470,92000 480,88000 490,87000 500,89000 510,76000 520,82000 530,74000 540,70000 550,84000 560,79000 570,85000 580,81000 590,92000 600,86000 610,91000 620,83000 630,79000 640,82000 650,78000 660,80000 670,75000 680,86000 690,81000 700,83000 710,89000 720,85000 730,87000 740,81000
200 710,92000 720,85000 730,87000 740,81000 750,90000 760,86000 770,88000 780,85000 790,87000 800,91000 810,82000 820,86000 830,84000 840,88000 850,90000 860,83000 870,81000 880,85000 890,86000 900,88000 910,87000 920,89000 930,85000 940,86000 950,84000 960,82000 970,85000 980,87000 990,88000 1000,81000 1010,90000 1020,86000 1030,85000 1040,87000 1050,88000 1060,82000 1070,90000 1080,87000 1090,84000 1100,86000
300 1080,83000 1090,87000 1100,88000 1110,81000 1120,90000 1130,85000 1140,87000 1150,86000 1160,84000 1170,88000 1180,90000 1190,85000 1200,87000 1210,86000 1220,88000 1230,81000 1240,89000 1250,85000 1260,87000 1270,86000 1280,88000 1290,84000 1300,87000 1310,86000 1320,89000 1330,85000 1340,86000 1350,88000 1360,81000 1370,90000 1380,85000 1390,87000 1400,86000 1410,88000 1420,81000 1430,90000 1440,85000 1450,87000 1460,86000 1470,84000
400 1420,86000 1430,88000 1440,81000 1450,90000 1460,85000 1470,87000 1480,86000 1490,88000 1500,84000 1510,87000 1520,86000 1530,89000 1540,85000 1550,87000 1560,86000 1570,89000 1580,81000 1590,90000 1600,85000 1610,87000 1620,86000 1630,88000 1640,84000 1650,87000 1660,86000 1670,89000 1680,85000 1690,86000 1700,88000 1710,81000 1720,90000 1730,85000 1740,87000 1750,86000 1760,88000 1770,81000 1780,90000 1790,85000 1800,87000 1810,86000
500 1800,85000 1810,87000 1820,86000 1830,88000 1840,84000 1850,87000 1860,86000 1870,89000 1880,85000 1890,87000 1900,86000 1910,89000 1920,81000 1930,90000 1940,85000 1950,87000 1960,86000 1970,88000 1980,84000 1990,87000 2000,86000 2010,89000 2020,85000 2030,86000 2040,88000 2050,81000 2060,90000 2070,85000 2080,87000 2090,86000 2100,88000 2110,84000 2120,87000 2130,86000 2140,89000 2150,81000 2160,90000 2170,85000 2180,87000 2190,86000
600 2160,86000 2170,88000 2180,81000 2190,90000 2200,85000 2210,87000 2220,86000 2230,88000 2240,84000 2250,87000 2260,86000 2270,89000 2280,85000 2290,87000 2300,86000 2310,89000 2320,81000 2330,90000 2340,85000 2350,87000 2360,86000 2370,88000 2380,84000 2390,87000 2400,86000 2410,89000 2420,85000 2430,86000 2440,88000 2450,81000 2460,90000 2470,85000 2480,87000 2490,86000 2500,88000 2510,81000 2520,90000 2530,85000 2540,87000 2550,86000
700 2520,86000 2530,88000 2540,81000 2550,90000 2560,85000 2570,87000 2580,86000 2590,88000 2600,84000 2610,87000 2620,86000 2630,89000 2640,85000 2650,87000 2660,86000 2670,89000 2680,81000 2690,90000 2700,85000 2710,87000 2720,86000 2730,88000 2740,84000 2750,87000 2760,86000 2770,89000 2780,85000 2790,86000 2800,88000 2810,81000 2820,90000 2830,85000 2840,87000 2850,86000 2860,88000 2870,81000 2880,90000 2890,85000 2900,87000 2910,86000
800 2880,86000 2890,88000 2900,81000 2910,90000 2920,85000 2930,87000 2940,86000 2950,88000 2960,84000 2970,87000 2980,86000 2990,89000 3000,85000 3010,87000 3020,86000 3030,89000 3040,81000 3050,90000 3060,85000 3070,87000 3080,86000 3090,88000 3100,84000 3110,87000 3120,86000 3130,89000 3140,85000 3150,86000 3160,88000 3170,81000 3180,90000 3190,85000 3200,87000 3210,86000 3220,88000 3230,81000 3240,90000 3250,85000 3260,87000 3270,86000
900 3240,86000 3250,88000 3260,81000 3270,90000 3280,85000 3290,87000 3300,86000 3310,88000 3320,84000 3330,87000 3340,86000 3350,89000 3360,85000 3370,87000 3380,86000 3390,89000 3400,81000 3410,90000 3420,85000 3430,87000 3440,86000 3450,88000 3460,84000 3470,87000 3480,86000 3490,89000 3500,85000 3510,86000 3520,88000 3530,81000 3540,90000 3550,85000 3560,87000 3570,86000 3580,88000 3590,81000 3600,90000 3610,85000 3620,87000 3630,86000
1000 3600,86000 3610,88000 3620,81000 3630,90000 3640,85000 3650,87000 3660,86000 3670,88000 3680,84000 3690,87000 3700,86000 3710,89000 3720,85000 3730,87000 3740,86000 3750,89000 3760,81000 3770,90000 3780,85000 3790,87000 3800,86000 3810,88000 3820,84000 3830,87000 3840,86000 3850,89000 3860,85000 3870,86000 3880,88000 3890,81000 3900,90000 3910,85000 3920,87000 3930,86000 3940,88000 3950,81000 3960,90000 3970,85000 3980,87000 3990,86000
1100 4000,88000 4010,81000 4020,90000 4030,85000 4040,87000 4050,86000 4060,88000 4070,84000 4080,87000 4090,86000 4100,89000 4110,85000 4120,86000 4130,88000 4140,81000 4150,90000 4160,85000 4170,87000 4180,86000 4190,88000 4200,84000 4210,87000 4220,86000 4230,89000 4240,85000 4250,86000 4260,88000 4270,81000 4280,90000 4290,85000 4300,87000 4310,86000 4320,88000 4330,81000 4340,90000 4350,85000 4360,87000 4370,86000 4380,88000 4390,81000 4400,90000 4410,85000 4420,87000
1200 4400,86000 4410,88000 4420,81000 4430,90000 4440,85000 4450,87000 4460,86000 4470,88000 4480,84000 4490,87000 4500,86000 4510,89000 4520,85000 4530,87000 4540,86000 4550,89000 4560,81000 4570,90000 4580,85000 4590,87000 4600,86000 4610,88000 4620,84000 4630,87000 4640,86000 4650,89000 4660,85000 4670,86000 4680,88000 4690,81000 4700,90000 4710,85000 4720,87000 4730,86000 4740,88000 4750,81000 4760,90000 4770,85000 4780,87000 4790,86000

100 539,126000 543,95800 540,108100 540,80800 544,27700 548,31800 553,23900 538,24300 545,44600 545,21600 544,35100 552,58900 544,35000 536,13400 543,17300 539,14600 531,13000 536,13900 529,13100 531,14300 551,18000 542,13400 546,14700 536,12900 544,13000 534,14000 539,24000 533,14000 544,19700 538,13000 543,16100 536,27400 543,44400 543,56900 545,54800 548,29800 537,34800 552,17900 541,19800 544,19100
200 1275,72300 1270,43700 1288,95600 1270,42000 1280,41700 1277,41100 1271,74000 1288,42700 1273,40900 1274,40600 1292,52100 1267,58200 1293,46200 1281,37400 1292,38300 1283,39900 1279,38000 1258,39100 1281,37200 1285,73300 1264,43200 1282,41600 1295,39700 1267,58700 1273,49300 1296,42300 1274,69200 1288,43400 1264,45100 1290,64100 1280,50000 1290,64400 1270,55900 1272,31200 1289,27700 1282,46500 1288,36000 1284,40800 1289,44100 1285,59400
300 2100,90600 2090,70500 2100,64800 2093,55200 2096,52200 2093,42700 2103,51200 2089,32800 2081,103300 2116,39700 2107,42000 2101,46000 2094,28300 2082,26900 2096,26800 2081,27100 2117,30300 2089,27600 2095,30200 2088,27300 2088,29600 2109,57500 2101,35000 2106,44500 2101,78300 2096,25600 2096,26100 2091,26000 2084,25100 2098,27800 2087,27000 2112,25600 2108,26900 2099,27400 2092,33200 2088,26800 2094,39500 2093,38400 2103,32000 2084,35200
400 2976,44800 2964,52400 2965,58500 2950,68300 2949,116000 2962,81900 2956,99300 2954,100100 2959,60800 2972,74200 2978,58500 2954,88800 2970,137800 2975,40800 2961,46900 2967,39300 2969,41300 2958,64500 2975,47600 2964,39600 2969,41800 2957,50300 2957,54600 2955,52400 2945,91700 2956,70000 2960,53200 2962,102700 2957,52500 2963,40200 2968,36700 2957,35500 2960,35000 2965,35600 2953,35200 2955,34900 2973,34800 2961,66300 2981,55200 2960,38900
500 3832,53900 3853,46800 3852,43500 3840,47900 3841,42400 3850,43600 3827,44700 3858,43600 3860,43800 3832,46400 3860,43800 3857,44100 3872,42800 3852,49500 3869,50700 3866,105700 3858,60300 3850,166400 3865,99600 3841,90700 3848,106300 3845,84300 3853,96400 3849,50500 3857,54100 3849,72900 3849,80200 3856,79200 3860,78000 3850,62200 3851,65800 3843,118800 3875,114600 3854,97800 3878,128800 3852,129300 3847,74700 3840,87000 3870,120700 3850,95900
600 4799,116300 4787,114400 4792,116100 4779,124600 4776,81500 4785,82200 4768,81400 4791,89300 4767,91200 4786,87800 4803,239800 4782,121400 4782,112900 4801,103800 4764,330900 4828,77400 4784,69100 4796,134100 4770,73100 4777,55400 4789,55100 4797,281900 4796,58600 4782,56600 4796,53500 4782,81900 4810,84500 4798,56200 4794,74000 4790,53100 4831,93500 4778,124200 4806,111400 4807,73300 4807,60500 4779,74600 4792,54500 4804,66600 4799,143000 4766,87600
700 5774,106900 5740,69600 5755,67900 5753,83100 5787,88900 5766,100200 5764,98300 5744,129100 5745,99600 5758,87400 5738,85100 5771,81900 5737,83400 5712,82400 5765,85300 5776,125800 5749,114300 5750,84200 5745,69600 5770,87100 5753,66600 5757,66800 5751,67400 5760,86300 5741,199100 5751,137600 5758,107500 5767,152700 5785,127400 5755,151700 5751,113200 5763,58700 5780,60500 5769,57900 5738,56700 5746,61400 5753,62000 5747,59300 5762,60400 5757,70000
800 6726,108000 6743,96700 6743,94900 6731,73700 6742,74900 6716,67500 6710,67500 6738,69100 6695,69700 6720,79100 6711,81900 6709,141600 6679,218700 6745,122800 6679,163800 6720,215500 6713,120900 6715,204200 6723,198400 6719,252100 6733,87100 6724,75100 6710,176000 6757,84800 6721,207900 6708,249700 6740,122400 6728,5501500 6712,146000 6719,167900 6719,163400 6742,241000 6745,149100 6696,154200 6707,149700 6730,107900 6701,121900 6705,88400 6743,81300 6691,112900
900 7698,147100 7721,131200 7700,133900 7714,133500 7728,112100 7719,190700 7684,118400 7702,69900 7729,77400 7720,74700 7715,110200 7670,161600 7698,122300 7735,114700 7706,113800 7701,110200 7710,134300 7707,273100 7704,77500 7724,72800 7725,59600 7710,59700 7699,59600 7721,62300 7695,60200 7719,60000 7717,79700 7714,61000 7695,107700 7702,66600 7705,113900 7717,106800 7714,169300 7717,194600 7688,239300 7718,87800 7740,152100 7714,172900 7706,74600 7718,180700
1000 8675,131900 8750,210300 8727,191300 8699,268200 8714,217900 8708,174400 8691,143800 8729,124200 8711,115500 8686,92500 8713,177900 8689,126900 8734,149100 8708,166500 8741,89600 8712,91400 8695,92600 8730,100000 8692,116400 8721,99300 8684,99600 8732,159000 8696,184700 8729,101700 8711,112500 8708,200200 8675,131300 8718,134700 8695,99900 8701,132200 8683,72600 8730,113500 8731,111000 8720,135700 8679,105200 8676,69400 8713,74000 8705,157100 8706,81400 8725,111600
1100 9733,134700 9784,154100 9730,83100 9730,149700 9760,91000 9729,76200 9741,114000 9757,89000 9733,121300 9751,121700 9727,112800 9740,185700 9705,112000 9691,116600 9744,82000 9727,86600 9717,84200 9720,84200 9742,143100 9772,224600 9745,292500 9738,189500 9709,268800 9734,426900 9729,280600 9745,152500 9743,140200 9762,155500 9752,202300 9721,129900 9723,232000 9737,244900 9720,183800 9708,147500 9726,226200 9740,91100 9751,181500 9743,103000 9738,155100 9745,104300
1200 10746,164500 10750,139400 10815,158000 10793,186400 10785,356300 10808,185400 10810,140400 10815,278000 10817,150500 10746,155100 10793,186900 10777,218300 10768,181300 10813,236700 10805,351500 10761,361400 10775,342800 10786,262900 10762,161900 10769,146300 10767,161800 10794,130600 10779,193700 10799,2664400 10788,189100 10761,161900 10767,362600 10746,164100 10793,115400 10741,133400 10774,126400 10797,107700 10764,147300 10814,130400 10755,120400 10793,126700 10786,144100 10793,124200 10733,98700 10780,145900